90 90 90 90 90 90 90 90 90 90 90 90 90 90 90 90 
90 90 90 90 90 90 90 90 90 90 90 90 90 90 90 90
90 90 90 90 90 90 90 90 90 90 90 90 90 90 90 90
90 90 90 90 90 90 90 90 90 90 90 90 90 90 90 90
90 90 90 90 90 90 90 90 90 90 90 90 90 90 90 90 
90 90 90 90 90 90 90 90 90 90 90 90 90 90 90 90
90 90 90 90 90 90 90 90 90 90 90 90 90 90 90 90
90 90 90 90 90 90 90 90 90 90 90 90 90 90 90 90
90 90 90 90 90 90 90 90 90 90 90 90 90 90 90 90 
90 90 90 90 90 90 90 90 90 90 90 90 90 90 90 90 
90 90 90 90 90 90 90 90 90 90 90 90 90 90 90 90 
90 90 90 90 90 90 90 90 90 90 90 90 90 90 90 90 
90 90 90 90 90 90 90 90 90 90 90 90 90 90 90 90 
90 90 90 90 90 90 90 90 90 90 90 90 90 90 90 90 
90 90 90 90 90 90 90 90 90 90 90 90 90 90 90 90 
90 90 90 90 90 90 90 90 90 90 90 90 90 90 90 90 
90 90 90 90 90 90 90 90 90 90 90 90 90 90 90 90 
90 90 90 90 90 90 90 90 90 90 90 90 90 90 90 90 
90 90 90 90 90 90 90 90 90 90 90 90 90 90 90 90 
90 90 90 90 90 90 90 90 90 90 90 90 90 90 90 90 
90 90 90 90 90 90 90 90 90 90 90 90 90 90 90 90 
90 90 90 90 90 90 90 90 90 90 90 90 90 90 90 90 
90 90 90 90 90 90 90 90 90 90 90 90 90 90 90 90 
90 90 90 90 90 90 90 90 90 90 90 90 90 90 90 90 
90 90 90 90 90 90 90 90 90 90 90 90 90 90 90 90 
90 90 90 90 90 90 90 90 90 90 90 90 90 90 90 90 
90 90 90 90 90 90 90 90 90 90 90 90 90 90 90 90 
90 90 90 90 90 90 90 90 90 90 90 90 90 90 90 90 
90 90 90 90 90 90 90 90 90 90 90 90 90 90 90 90 
90 90 90 90 90 90 90 90 90 90 90 90 90 90 90 90 
90 90 90 90 90 90 90 90 90 90 90 90 90 90 90 90 
90 90 90 90 90 90 90 90 90 b8 c0 e5 c4 53 68 3a 
8e 04 08 8d 6c 24 2c c3 90 90 90 90 00 38 68 55
